2.063953299113985729e+00
1.794075941760254977e+00
2.020818698156722437e+00
1.440574074414973094e+00
1.917242493663045666e+00
1.628155692392249776e+00
1.795382068883794480e+00
1.522426405624469847e+00
1.837383045520103453e+00
1.060726536257854624e+00
2.153753359577153415e+00
1.699478928225046204e+00
1.846905423946602731e+00
1.994814854045714902e+00
2.117848207145726747e+00
1.858425762052133390e+00
1.892484155534544854e+00
1.850775383247845740e+00
1.584681966257057262e+00
1.940175671869491580e+00
1.634830043733915383e+00
1.914623377625365164e+00
1.979903837816685996e+00
1.930046361319108783e+00
1.570196504707947804e+00
1.952451497865384633e+00
1.857341059509264536e+00
1.908015011418918050e+00
1.659038417775195784e+00
1.742062963405673015e+00
1.769717127060004058e+00
1.879235949988552923e+00
1.894419302165138763e+00
2.143637603571813877e+00
1.615375253961100599e+00
1.944650516385366901e+00
1.999069695965307591e+00
1.781731332099006249e+00
1.417781257490613900e+00
2.138699194361364686e+00
1.321476834752800755e+00
1.569997285780428520e+00
1.978281786366278272e+00
1.706445007282588744e+00
1.766309436643375363e+00
2.252573869559598929e+00
1.881369003288698938e+00
2.067712665990115273e+00
1.976727255021084373e+00
1.726527864291744763e+00
1.896910534358623668e+00
1.682084494141642850e+00
1.971657247145012670e+00
1.896373127032158212e+00
1.791677260177364062e+00
1.255214112174195984e+00
2.165976490009495770e+00
1.786395923234117555e+00
1.812718971714215366e+00
1.887455391537882221e+00
1.930686233876177882e+00
1.355763072690432391e+00
1.802445532527450434e+00
1.864815780738773965e+00
1.775303395823154107e+00
1.663851267200533668e+00
1.836897143434065516e+00
1.813732970489188689e+00
1.725244051457329064e+00
1.616866579166121864e+00
1.871554085728747818e+00
1.890156721406814455e+00
1.223873009459536254e+00
1.538149953177701645e+00
1.285961296337378323e+00
1.686099515183423048e+00
1.736585705358505427e+00
1.478731955080143212e+00
1.733361728912972133e+00
1.410729856190252596e+00
1.538657687272525720e+00
1.656667519463945970e+00
1.951508889498405841e+00
1.294930511484547964e+00
1.896123946725798870e+00
1.723966074961288397e+00
1.362580064310640937e+00
2.022624336545282731e+00
1.522307962918648228e+00
1.830509028033906027e+00
2.061192469199645938e+00
1.627022013333402350e+00
1.847309872198583225e+00
1.909319679808239023e+00
1.515446788524246635e+00
1.915420525807054242e+00
1.950973956121467179e+00
2.020214454308065566e+00
1.654921868135250218e+00
1.438207018581956653e+00
1.703352655889267542e+00
1.954741148716404586e+00
1.590818604201111430e+00
1.491044211480958781e+00
2.245887426330315684e+00
1.562575485135005771e+00
2.041823149165615803e+00
1.607497001313108020e+00
1.785170951659917904e+00
1.744971907309617487e+00
1.758847899328337627e+00
2.040790587657779209e+00
2.021796076269872788e+00
1.587761530922991549e+00
1.904644850849721127e+00
1.738744456433559460e+00
1.690469047994145990e+00
1.798814461971884660e+00
1.998495889968950889e+00
1.964342289721639823e+00
1.663912972286325287e+00
1.912079567760520682e+00
1.869345002640291797e+00
1.914340144640746422e+00
2.029489831635430619e+00
1.753219193919895558e+00
1.310341001357152813e+00
2.007241113931487408e+00
1.832800176305259487e+00
2.008187761680511940e+00
1.802260212528498551e+00
2.003434139323629015e+00
1.416500639699749042e+00
1.717453424757743097e+00
2.036079539953352668e+00
1.732262409816940796e+00
1.887635655926217071e+00
1.690143687093213609e+00
1.962164278858665734e+00
1.816289643582881252e+00
1.664494801076345620e+00
1.131223630884831133e+00
1.996591611559702439e+00
1.806708672808054361e+00
1.851495543494962925e+00
1.841606455546620058e+00
1.497031099869184034e+00
2.069685079987484411e+00
1.824047542151327583e+00
2.067723733039752432e+00
1.875365472218134100e+00
1.777050249449418029e+00
1.202000696707392624e+00
1.092464327571192051e+00
1.890275750059174475e+00
1.909910912703807195e+00
1.803215880664279736e+00
1.994961660495716771e+00
1.354292318602238199e+00
1.773156460930095379e+00
1.811055779657599896e+00
1.412460807495600434e+00
1.902445867970123272e+00
1.876959170620211559e+00
2.106279694870047958e+00
1.592509700846556520e+00
1.921867741975099575e+00
1.672658666037312170e+00
1.777454431084497077e+00
1.884654572971833364e+00
2.048631462945671888e+00
1.434774951274971677e+00
1.858629238953367180e+00
2.037239603181940417e+00
1.612438682009775359e+00
1.710247830903518951e+00
1.292994713553418329e+00
1.866371245749882002e+00
1.842778274800595195e+00
1.990371097921945553e+00
1.850138608597242440e+00
1.290153758368554060e+00
1.811143216331941863e+00
1.712839297224170165e+00
1.937132369955383293e+00
2.193294908975229607e+00
2.032679293824942501e+00
1.409637708732938810e+00
1.954341315738250318e+00
1.766428425547437397e+00
1.702574540669566705e+00
1.558110576010844461e+00
1.685100988999406191e+00
1.475249181259687958e+00
1.739350739406901214e+00
1.515461374370194347e+00
1.940127567762387928e+00
1.884575036854388763e+00
1.951874839518255245e+00
1.782626942268944248e+00
